tensor([[[-0.1106,  0.9706,  0.2867,  ...,  1.0555, -0.4099,  1.4837],
         [-0.2602,  1.0591, -0.4192,  ...,  0.6403,  0.1454,  1.3975],
         [-0.2602,  0.5296, -0.4192,  ...,  1.2807,  0.1454,  1.3975],
         ...,
         [-0.2602,  1.0591, -0.2096,  ...,  1.2807,  0.1454,  1.3975],
         [-0.2602,  1.0591, -0.4192,  ...,  0.6403,  0.1454,  1.3975],
         [-0.2602,  1.0591, -0.4192,  ...,  1.2807,  0.1454,  1.3975]],

        [[ 0.6670,  0.1803,  1.2378,  ...,  0.9263, -0.0939,  0.8913],
         [ 1.2158,  0.4250,  0.5249,  ...,  1.3129, -0.4220,  0.4699],
         [ 0.9911,  0.7894,  1.0181,  ...,  1.3800, -0.1560,  0.9710],
         ...,
         [ 1.1500,  0.8239,  0.5639,  ...,  0.8213,  0.4196,  1.4226],
         [ 0.8882,  0.7280,  1.2768,  ...,  0.8830, -0.3939,  1.3824],
         [ 0.9911,  0.7894,  0.5091,  ...,  1.3800, -0.1560,  0.9710]],

        [[ 0.6517, -0.2618,  1.1840,  ...,  1.4916, -0.1885,  0.7395],
         [ 0.9293, -0.4739,  0.6213,  ...,  1.0771, -0.1437,  1.2249],
         [ 0.7334, -0.3711,  0.6955,  ...,  1.3932,  0.3530,  0.6245],
         ...,
         [ 1.1360, -0.7416,  1.0859,  ...,  1.0718, -0.0078,  0.3929],
         [ 1.2935, -0.8739,  0.7491,  ...,  0.0000, -0.0436,  0.5156],
         [ 0.7334, -0.3711,  0.3477,  ...,  1.3932,  0.3530,  1.2490]],

        ...,

        [[ 0.3473, -1.1529,  1.0382,  ...,  1.0555, -0.4089,  1.4837],
         [ 0.8240, -0.8876,  1.0875,  ...,  0.3659,  0.0227,  1.3168],
         [ 0.7029, -0.8884,  0.5667,  ...,  0.8899, -0.4205,  1.1472],
         ...,
         [ 0.5714, -0.3947,  0.5698,  ...,  0.7010, -0.0559,  1.2652],
         [ 0.0379, -0.7326,  0.4694,  ...,  0.9858,  0.2143,  0.9620],
         [ 0.1978, -1.0644,  0.1661,  ...,  1.2807,  0.1464,  1.3975]],

        [[-0.3460, -0.0000, -0.5338,  ...,  0.9022, -0.4136,  0.9457],
         [-0.4541, -0.6281, -0.2359,  ...,  1.1742, -0.1347,  1.5093],
         [-0.3656, -1.0167, -0.2474,  ...,  1.1082, -0.2905,  0.7873],
         ...,
         [-0.6994, -0.9955, -0.2174,  ...,  1.2917, -0.3810,  1.1382],
         [-0.2690, -1.1916,  0.0000,  ...,  0.7291, -0.0793,  0.7783],
         [-0.2172, -0.6483, -0.1965,  ...,  1.4458, -0.1769,  1.5327]],

        [[-1.3868,  0.1265, -1.0202,  ...,  0.9853,  0.4230,  0.6877],
         [-0.6934,  0.1265, -1.0202,  ...,  0.4926,  0.2115,  0.6877],
         [-1.3868,  0.0633, -1.0202,  ...,  0.9853,  0.4230,  0.6877],
         ...,
         [-1.3868,  0.1265, -0.5101,  ...,  0.0000,  0.4230,  0.6877],
         [-0.6934,  0.1265, -1.0202,  ...,  0.9853,  0.4230,  0.6877],
         [-0.6934,  0.1265, -1.0202,  ...,  0.9853,  0.2115,  0.6877]]],
       grad_fn=<DivBackward0>)